1.5461 20.4175 1.2326
1.7988 20.3878 -1.4698
0.0000 20.7543 -1.3825
0.0000 20.7592 1.5065
2.2795 9.7020 1.4329
1.8297 12.6965 1.6020
0.0000 12.6965 1.6020
0.0000 9.7020 1.9800
2.1617 15.1103 1.7759
0.1133 15.2065 1.7759
0.0000 9.7020 -1.7361
0.0000 12.6965 -1.7406
1.8297 12.6965 -1.7406
2.4041 9.7020 -1.4605
0.0000 15.2065 -2.1233
2.1617 15.1103 -2.1233
2.8901 -0.3218 2.2162
0.9053 -0.3218 2.2162
0.9053 -0.0486 -1.8188
2.8901 -0.0486 -1.8188
2.4554 1.6545 1.4921
0.7630 1.6545 1.4921
0.7630 1.8092 -1.6607
2.4554 1.8092 -1.6607
2.6337 5.9248 1.1173
0.5044 5.9248 1.1173
0.5044 5.9248 -1.8490
2.6337 5.9248 -1.8490
2.7219 17.0332 0.9605
0.0000 17.1354 1.3198
0.0000 17.1354 -1.7658
2.7161 17.2996 -1.6420
4.8080 9.1205 -1.2056
5.9212 9.0690 -1.4168
5.8774 9.0277 0.6431
4.7411 9.0433 0.9333
2.9223 13.7827 -1.8781
2.9192 13.5694 0.7664
4.3160 14.5623 0.3603
4.3266 14.5871 -1.6619
3.2390 13.1315 0.2897
3.1995 13.1315 -1.6912
3.2772 12.7623 -1.7922
3.3118 12.7692 0.0323
4.3772 14.0707 0.1888
4.6807 13.5690 0.1484
4.6552 13.5703 -1.8059
4.3772 14.0707 -1.6902
4.3587 11.5139 -1.3494
4.5458 10.4950 -1.0324
4.5592 10.4961 0.7687
4.3578 11.7003 0.1506
5.6637 11.9439 0.0175
5.8635 10.5888 0.6961
5.6647 11.7526 -1.7070
5.9954 10.5877 -1.3406
1.4498 18.1256 1.2354
0.0000 18.3131 1.5913
0.0000 18.0284 -1.5023
1.1961 18.0959 -1.4670
-1.5461 20.4175 1.2326
-1.7988 20.3878 -1.4698
-2.2795 9.7020 1.4329
-1.8297 12.6965 1.6020
-2.1617 15.1103 1.7759
-2.4041 9.7020 -1.4605
-1.8297 12.6965 -1.7406
-2.1617 15.1103 -2.1233
-2.8901 -0.3218 2.2162
-2.8901 -0.0486 -1.8188
-0.9053 -0.0486 -1.8188
-0.9053 -0.3218 2.2162
-0.7630 1.6545 1.4921
-2.4554 1.6545 1.4921
-0.7630 1.8092 -1.6607
-2.4554 1.8092 -1.6607
-0.5044 5.9248 1.1173
-2.6337 5.9248 1.1173
-0.5044 5.9248 -1.8490
-2.6337 5.9248 -1.8490
-2.7219 17.0332 0.9605
-2.7161 17.2996 -1.6420
-4.8080 9.1205 -1.2056
-4.7411 9.0433 0.9333
-5.8774 9.0277 0.6431
-5.9212 9.0690 -1.4168
-2.9192 13.5694 0.7664
-2.9223 13.7827 -1.8781
-4.3160 14.5623 0.3603
-4.3266 14.5871 -1.6619
-3.2390 13.1315 0.2897
-3.3118 12.7692 0.0323
-3.2772 12.7623 -1.7922
-3.1995 13.1315 -1.6912
-4.3772 14.0707 0.1888
-4.6807 13.5690 0.1484
-4.3772 14.0707 -1.6902
-4.6552 13.5703 -1.8059
-4.3587 11.5139 -1.3494
-4.3578 11.7003 0.1506
-4.5592 10.4961 0.7687
-4.5458 10.4950 -1.0324
-5.6637 11.9439 0.0175
-5.8635 10.5888 0.6961
-5.6647 11.7526 -1.7070
-5.9954 10.5877 -1.3406
-1.4498 18.1256 1.2354
-1.1961 18.0959 -1.4670